0,2,3,4,6,8,12,15,16,20,25,33,36,37,40
48,64,66,68,69,70,71,72,74,76,80,84,90,94,95
98,99,106,111,112,120,125,127,128,133,137,140,141,143
144,148,149,153,164,165,166,168,171,172,173,175,178,183,184,185
192,193,196,199,201,202,204,205,207,209,211,215,216,218,221,223,225,227,230,231,232,233,235,237,238
240,242,243,244,246,247,249,255,257,260,261,262,263,265,267,268,271,275,277,278,279,280,283,285,287
297,298,303,305,306,307,308,312,316,320,328,335
339,340,343,344,346,351,355,356,362,367,369,374,376,379
387,401,407,418,420,422,423,425,427,430
432,439,441,451,459,460,470,477
495,497,499,508,514,521
528,543,547,550,553,556,557,560
579,580,584,586,587,589,592,593,598,602,604,607,609,610,611,612,613,614,617,618,619,621,622,623
624,625,626,627,628,629,630,631,632,633,634,638,640,641,643,645,646,647,649,652,659,665,668
672,676,679,684,687,692,693,701,704,705,709,712,713,718,719
721,724,731,732,734,735,744,748,749,758,759,760,762,764,765
774,775,777,778,782,784,790,793,794,796,801,803,804,805,806,808,809,811
816,826,827,835,836,843,858
866,867,874,875,882,885,891,894,897,899,900,902,908
913,915,916,926,929,934,941,944
965,967,968,973,975,976,978,981,984,989
